# 
# 
fluorophore:
  extinction_coeff: 200000.0
  lifetime: 3.8e-09
  mass_gamma: 0.075
  res_energy: 2. ## long mode peak
  # res_energy: 2.4 ## short mode peak
  test_gamma: 0.075
general:
  background_ref_index: 1.33 ## WATER!!!
  coupling: ff
  drive_amp: 30.0
  drive_energy: 2. ## long mode peak
  # drive_energy: 2.4 ## short mode peak
optics:
  lens_points: 1000 
  magnification: 1.0 
  numerical_aperture: .92
  obj_f_len: 0.2
  sensor_size: 2000
  sensor_pts: 100
plasmon:
  ## 45.2282245 , 20.13645854,  0.09593564,  2.9856273 , 47.09151229 
  fit_eps_inf: 45.2282245
  fit_hbar_gamma: 0.09593564
  fit_hbar_wp: 20.13645854
  fit_a1: 2.9856273
  fit_a2: 47.09151229
  true_a_unique: 15.
  true_a_degen: 40.